"month","decimallongitude","decimallatitude","lifestage","year","scientificname","sciname_cor","massing","lengthinmm","sex","bio1","bio12","bio4","bio15","seasonality","Ids"
7,-74.385752,41.998504,"Ad.",1954,"Mniotilta varia","Mniotilta_varia",10.5,NA,"male",3.2,1637,8.65585718668946,40.012323451681,"Summer",64284
3,-93.42,35.221881,NA,1990,"Mniotilta varia","Mniotilta_varia",11.5,124,"male",16.2,1680,7.94200093099206,54.5482374058194,"Spring",64285
9,-76.050983,43.308327,NA,1999,"Mniotilta varia","Mniotilta_varia",10.8000001907349,NA,NA,8.6,999,10.2056245633118,57.4983952345233,"Fall",64286
5,-103.84325,44.45248,NA,2008,"Mniotilta varia","Mniotilta_varia",10.2,NA,"male",5.9,766,9.55308929883497,104.257694546455,"Spring",64288
5,-103.84325,44.45248,NA,2008,"Mniotilta varia","Mniotilta_varia",9.8,NA,"male",5.9,766,9.55308929883497,104.257694546455,"Spring",64289
10,-95.6966263,39.0483341,"100%",1954,"Mniotilta varia","Mniotilta_varia",12.5,NA,"male",13.8,845,10.2905369886684,89.9334865400063,"Fall",64290
10,-95.6966263,39.0483341,NA,1954,"Mniotilta varia","Mniotilta_varia",10,NA,"female",13.8,845,10.2905369886684,89.9334865400063,"Fall",64291
7,-100.3369074,41.8888463,NA,1957,"Mniotilta varia","Mniotilta_varia",10.1,NA,"male",8.9,764,10.6036443135024,83.7479148427961,"Summer",64292
7,-100.3369074,41.8888463,NA,1957,"Mniotilta varia","Mniotilta_varia",9.8,NA,"male",8.9,764,10.6036443135024,83.7479148427961,"Summer",64293
7,-100.3369074,41.8888463,"juvenile",1957,"Mniotilta varia","Mniotilta_varia",10.6,NA,"male",8.9,764,10.6036443135024,83.7479148427961,"Summer",64294
7,-100.3369074,41.8888463,"juvenile",1957,"Mniotilta varia","Mniotilta_varia",9.9,NA,"male",8.9,764,10.6036443135024,83.7479148427961,"Summer",64295
7,-100.3509975,41.9033356,NA,1957,"Mniotilta varia","Mniotilta_varia",10.1,NA,"male",8.9,762,10.6171816154074,83.336178704474,"Summer",64296
5,-95.2598661,38.9114667,NA,1959,"Mniotilta varia","Mniotilta_varia",12.1,NA,"female",12.4,932,10.3844690268543,77.7788077458318,"Spring",64297
5,-94.7354507,37.0069394,NA,1968,"Mniotilta varia","Mniotilta_varia",13.1,NA,"female",13.8,1218,9.36583086964461,40.6544396265002,"Spring",64298
5,-101.78469,37.1521231,NA,1950,"Mniotilta varia","Mniotilta_varia",11,NA,"male",13.5,457,8.51972310689625,120.003987155499,"Spring",64299
4,-95.2,39.0333333,NA,2002,"Mniotilta varia","Mniotilta_varia",10.5,NA,"female",13.3,646,9.97926258889813,88.2333683704112,"Spring",64300
5,-97.1244621,37.351874,NA,1956,"Mniotilta varia","Mniotilta_varia",11.1,NA,"female",15.4,423,10.8029562452305,57.8501493465211,"Spring",64301
9,-97.2100135,37.3875217,"immature",1961,"Mniotilta varia","Mniotilta_varia",11.2,NA,"female",13.4,1086,9.47546672713116,63.6192639251022,"Fall",64302
4,-83.6630237,41.56505,"adult",1968,"Mniotilta varia","Mniotilta_varia",11,NA,"female",9.7,848,10.3082895445041,47.1181602405188,"Spring",64303
9,-77.2878957,38.9660325,"immature",1969,"Mniotilta varia","Mniotilta_varia",10.4,NA,"female",12.4,1036,9.49080495995354,62.0693284642199,"Fall",64304
9,-91.4907073,44.8098524,NA,1968,"Mniotilta varia","Mniotilta_varia",9.8,NA,"undetermined",6.7,1064,11.4537376458781,75.9508075301975,"Fall",64305
9,-91.4907073,44.8098524,NA,1968,"Mniotilta varia","Mniotilta_varia",9.2,NA,"undetermined",6.7,1064,11.4537376458781,75.9508075301975,"Fall",64306
9,-91.4907073,44.8098524,NA,1968,"Mniotilta varia","Mniotilta_varia",9.7,NA,"undetermined",6.7,1064,11.4537376458781,75.9508075301975,"Fall",64307
9,-91.4907073,44.8098524,NA,1968,"Mniotilta varia","Mniotilta_varia",10.4,NA,"undetermined",6.7,1064,11.4537376458781,75.9508075301975,"Fall",64308
9,-91.4907073,44.8098524,NA,1973,"Mniotilta varia","Mniotilta_varia",9.5,NA,"undetermined",7.5,874,11.3317300559361,65.561849245128,"Fall",64309
9,-91.4907073,44.8098524,NA,1968,"Mniotilta varia","Mniotilta_varia",10.6,NA,"undetermined",6.7,1064,11.4537376458781,75.9508075301975,"Fall",64310
9,-91.4907073,44.8098524,NA,1968,"Mniotilta varia","Mniotilta_varia",10.2,NA,"undetermined",6.7,1064,11.4537376458781,75.9508075301975,"Fall",64311
9,-91.4907073,44.8098524,NA,1968,"Mniotilta varia","Mniotilta_varia",9.3,NA,"undetermined",6.7,1064,11.4537376458781,75.9508075301975,"Fall",64312
10,-82.3248215,29.6516457,NA,2004,"Mniotilta varia","Mniotilta_varia",12.2,NA,"male",20.6,1387,5.90461427164973,81.8863427317982,"Fall",64313
9,-76.6205902,39.2998085,NA,1966,"Mniotilta varia","Mniotilta_varia",8,NA,"female",12.5,978,9.48221620943249,54.6907056773061,"Fall",64314
5,-118.3957214,37.3652992,NA,1998,"Mniotilta varia","Mniotilta_varia",10.5,NA,"male",12.7,216,7.91655342821724,156.383080251673,"Spring",64315
9,-79.8134003,39.3839817,NA,1978,"Mniotilta varia","Mniotilta_varia",10.4,NA,"undetermined",9,1457,10.2674094575846,55.1719446254707,"Fall",64316
9,-91.4907073,44.8098524,NA,1968,"Mniotilta varia","Mniotilta_varia",8.3,NA,"undetermined",6.7,1064,11.4537376458781,75.9508075301975,"Fall",64317
9,-91.4907073,44.8098524,NA,1968,"Mniotilta varia","Mniotilta_varia",10.5,NA,"undetermined",6.7,1064,11.4537376458781,75.9508075301975,"Fall",64318
9,-91.4907073,44.8098524,NA,1968,"Mniotilta varia","Mniotilta_varia",9.1,NA,"undetermined",6.7,1064,11.4537376458781,75.9508075301975,"Fall",64319
9,-91.4907073,44.8098524,NA,1968,"Mniotilta varia","Mniotilta_varia",10.1,NA,"undetermined",6.7,1064,11.4537376458781,75.9508075301975,"Fall",64320
9,-91.4907073,44.8098524,NA,1968,"Mniotilta varia","Mniotilta_varia",9.2,NA,"undetermined",6.7,1064,11.4537376458781,75.9508075301975,"Fall",64321
9,-91.4907073,44.8098524,NA,1968,"Mniotilta varia","Mniotilta_varia",10,NA,"undetermined",6.7,1064,11.4537376458781,75.9508075301975,"Fall",64322
9,-91.4907073,44.8098524,NA,1968,"Mniotilta varia","Mniotilta_varia",10.2,NA,"undetermined",6.7,1064,11.4537376458781,75.9508075301975,"Fall",64323
9,-91.4907073,44.8098524,NA,1968,"Mniotilta varia","Mniotilta_varia",9.6,NA,"undetermined",6.7,1064,11.4537376458781,75.9508075301975,"Fall",64324
11,-118.4213094,34.0453572,NA,2001,"Mniotilta varia","Mniotilta_varia",5.7,NA,"male",15.3,430,2.85385173002553,147.292051408877,"Fall",64325
5,-81.8009109,26.1370697,NA,2008,"Mniotilta varia","Mniotilta_varia",7.8,NA,"female",23.8,1466,3.63988844317898,83.4117302255614,"Spring",64326
3,-105.28528,21.53944,"ad.",1948,"Mniotilta varia","Mniotilta_varia",9,NA,"male",26,1059,2.81952069857573,164.210272438318,"Spring",64327
9,-106.7359053467,29.82389,"imm.sk.",1961,"Mniotilta varia","Mniotilta_varia",11.5,NA,"male",16.8,272,6.54723513238893,111.942865153066,"Fall",64328
5,-122.8986189,38.0693636,"u ad.",1963,"Mniotilta varia","Mniotilta_varia",10.8,NA,"female",12.4,836,3.18148050156184,103.479152198102,"Spring",64329
8,-99.2286111111,19.0819444444,"imm.sk.",1964,"Mniotilta varia","Mniotilta_varia",11,NA,"undetermined",12,1345,1.88508901807331,101.434801802427,"Summer",64330
4,-80.2931,27.3185,"unknown",1971,"Mniotilta varia","Mniotilta_varia",8.58,NA,"female",23,1230,3.78804939009752,64.6984885814951,"Spring",64331
4,-80.2931,27.3185,"unknown",1971,"Mniotilta varia","Mniotilta_varia",9.03,NA,"female",23,1230,3.78804939009752,64.6984885814951,"Spring",64332
6,-104.654479,47.198491,"u ad.",1947,"Mniotilta varia","Mniotilta_varia",8.2,NA,"male",6.2,418,12.165011302913,130.932971477031,"Summer",64333
6,-104.654479,47.198491,"u ad.",1947,"Mniotilta varia","Mniotilta_varia",9.9,NA,"male",6.2,418,12.165011302913,130.932971477031,"Summer",64334
6,-104.654479,47.198491,"u ad.",1947,"Mniotilta varia","Mniotilta_varia",9.4,NA,"male",6.2,418,12.165011302913,130.932971477031,"Summer",64335
6,-104.654479,47.198491,"u ad.",1947,"Mniotilta varia","Mniotilta_varia",10,NA,"male",6.2,418,12.165011302913,130.932971477031,"Summer",64336
6,-57.693328,50.0791758,"ad",1972,"Mniotilta varia","Mniotilta_varia",10,NA,"male",1.2,1147,9.8027013902013,27.8880369688553,"Summer",64337
7,-81.51097,49.41363,"ad",1973,"Mniotilta varia","Mniotilta_varia",10,NA,"male",1.9,847,12.9643187482436,38.7783435959866,"Summer",64338
6,-81.78235,46.28831,NA,1974,"Mniotilta varia","Mniotilta_varia",11.7,NA,"undetermined",3.7,792,10.4518339698511,33.5952643954295,"Summer",64339
6,-80.45638,45.70165,"ad",1978,"Mniotilta varia","Mniotilta_varia",8.7,NA,"male",4.4,857,11.3947223296444,46.6763789344193,"Summer",64340
6,-80.52949,45.79444,"ad",1978,"Mniotilta varia","Mniotilta_varia",9.5,NA,"female",4.3,844,11.4240575501479,47.1458519903962,"Summer",64341
6,-80.63539,45.77283,"ad",1978,"Mniotilta varia","Mniotilta_varia",9.5,NA,"male",4.4,828,11.3435704656466,47.544394324923,"Summer",64342
6,-80.46841,45.72264,"ad",1978,"Mniotilta varia","Mniotilta_varia",9,NA,"male",4.4,852,11.4075832035298,46.808322366911,"Summer",64343
5,-80.46883,51.363,"ad",1980,"Mniotilta varia","Mniotilta_varia",11.7,NA,"female",-1.3,681,13.4674101579939,52.801028675052,"Spring",64344
6,-79.75435,51.14935,"juv",1982,"Mniotilta varia","Mniotilta_varia",11.5,NA,"male",-0.8,732,13.6119265886408,45.4362182397203,"Summer",64345
6,-79.75435,51.14935,"ad",1982,"Mniotilta varia","Mniotilta_varia",9,NA,"male",-0.8,732,13.6119265886408,45.4362182397203,"Summer",64346
7,-79.75435,51.14935,"ad",1982,"Mniotilta varia","Mniotilta_varia",11.5,NA,"female",-0.8,732,13.6119265886408,45.4362182397203,"Summer",64347
7,-77.62782,45.37805,"imm",1943,"Mniotilta varia","Mniotilta_varia",10.5,NA,"male",3.3,796,12.3135888227994,35.8673792020314,"Summer",64348
5,-78.84498,44.57995,"ad",1949,"Mniotilta varia","Mniotilta_varia",8,NA,"male",6.9,872,10.3375272525382,40.2554567022747,"Spring",64349
5,-79.315255,43.757891,"ad",1984,"Mniotilta varia","Mniotilta_varia",10.4,NA,"female",7.5,720,9.94076394844923,31.1927970566449,"Spring",64350
5,-79.372722,43.73418,"ad",1973,"Mniotilta varia","Mniotilta_varia",11.4,NA,"female",8.4,822,10.2319871289042,37.5482130486895,"Spring",64351
5,-79.372722,43.73418,"ad",1973,"Mniotilta varia","Mniotilta_varia",10.6,NA,"female",8.4,822,10.2319871289042,37.5482130486895,"Spring",64352
5,-79.303286,43.718021,"ad",1970,"Mniotilta varia","Mniotilta_varia",10.1,NA,"female",7.4,776,11.034724804686,29.1350095443205,"Spring",64353
5,-79.466941,43.768856,"ad",1995,"Mniotilta varia","Mniotilta_varia",11.4,NA,"male",7.5,872,10.6831607795832,43.1134984519486,"Spring",64354
5,-79.380261,43.648655,"ad",1998,"Mniotilta varia","Mniotilta_varia",10.2,NA,"female",10.2,714,9.06685605862797,39.9073937838714,"Spring",64355
5,-80.24294,42.5613,NA,1928,"Mniotilta varia","Mniotilta_varia",10,NA,"female",9.2,821,9.33141890539048,43.0734582008226,"Spring",64356
8,-79.60689,43.78459,"ad",1934,"Mniotilta varia","Mniotilta_varia",13,NA,"male",6.9,630,11.3645248137537,33.2056925376317,"Summer",64357
6,-84.02525,46.353393,"nestl",1931,"Mniotilta varia","Mniotilta_varia",8.5,NA,"female",6.7,772,10.5130618611787,65.7387277263846,"Summer",64358
6,-84.02525,46.353393,"nestl",1931,"Mniotilta varia","Mniotilta_varia",8.5,NA,"male",6.7,772,10.5130618611787,65.7387277263846,"Summer",64359
7,-84.02525,46.353393,"juv",1931,"Mniotilta varia","Mniotilta_varia",9.5,NA,"female",6.7,772,10.5130618611787,65.7387277263846,"Summer",64360
8,-87.72961,52.24829,"imm",1939,"Mniotilta varia","Mniotilta_varia",11,NA,"female",-2,684,14.3413578664834,57.1658407777492,"Summer",64361
8,-94.6156311,39.1028902,"imm",1998,"Mniotilta varia","Mniotilta_varia",11.2,NA,"female",14.1,1317,9.64848865539745,70.8239449772954,"Summer",64362
6,-81.59189,52.25485,"ad",1942,"Mniotilta varia","Mniotilta_varia",10,NA,"male",-1.5,703,13.437904327955,49.7651862110958,"Summer",64363
9,-81.32013,42.95879,"juv",1907,"Mniotilta varia","Mniotilta_varia",10.5,NA,"male",6.1,945,9.1576429414137,31.5265137639979,"Fall",64364
7,-91.92887,50.10403,NA,1947,"Mniotilta varia","Mniotilta_varia",9.4,NA,"female",0.6,690,13.748377314719,41.0975349699112,"Summer",64365
5,-79.25011,43.77661,"ad",2002,"Mniotilta varia","Mniotilta_varia",10.1,NA,"male",8.4,771,9.62931131305019,28.348430866026,"Spring",64366
7,-79.135128,43.791348,"imm",1959,"Mniotilta varia","Mniotilta_varia",10,NA,"male",8,755,11.3871106027292,27.7309736738753,"Summer",64367
5,-78.5235786,45.594732,NA,1961,"Mniotilta varia","Mniotilta_varia",9.8,NA,"female",3.8,774,11.3038475616477,49.0876939334319,"Spring",64368
5,-82.51674,41.9636,NA,1966,"Mniotilta varia","Mniotilta_varia",7,118,"[male]",9.8,828,9.83213654761309,53.4978598757691,"Spring",64369
9,-79.381924,43.647863,"juv",2004,"Mniotilta varia","Mniotilta_varia",11,NA,"female",7.8,791,10.0818882009755,42.2467756077651,"Fall",64370
12,-87.6333333333,19.8,"unknown",1997,"Mniotilta varia","Mniotilta_varia",8.5,NA,"female",27,1228,1.56175891516294,49.536330864854,"Winter",64371
3,-95.0666666667,18.5833333333,"AHY",2003,"Mniotilta varia","Mniotilta_varia",10,NA,"female",25.6,3789,2.27436304769649,91.8285670442412,"Spring",64372
3,-95.0666666667,18.5833333333,"AHY",2003,"Mniotilta varia","Mniotilta_varia",8.5,NA,"female",25.6,3789,2.27436304769649,91.8285670442412,"Spring",64373
3,-95.0666666667,18.5833333333,"AHY",2003,"Mniotilta varia","Mniotilta_varia",12.5,NA,"female",25.6,3789,2.27436304769649,91.8285670442412,"Spring",64374
10,-105.0666666667,19.5333333333,"unknown",1999,"Mniotilta varia","Mniotilta_varia",9.2,NA,"male",25.8,941,2.13470599778276,141.506303431545,"Fall",64375
10,-105.0666666667,19.5333333333,"unknown",1999,"Mniotilta varia","Mniotilta_varia",10.2,NA,"female",25.8,941,2.13470599778276,141.506303431545,"Fall",64376
10,-105.0666666667,19.5333333333,"unknown",1999,"Mniotilta varia","Mniotilta_varia",9.4,NA,"male",25.8,941,2.13470599778276,141.506303431545,"Fall",64377
7,-83.7391662,46.0204493,"adult",1938,"Mniotilta varia","Mniotilta_varia",9.3,NA,"male",6.1,746,10.7863550166613,25.6582764962601,"Summer",64378
6,-83.7391662,46.0204493,NA,1938,"Mniotilta varia","Mniotilta_varia",9.7,NA,"male",6.1,746,10.7863550166613,25.6582764962601,"Summer",64379
6,-83.7391662,46.0204493,"adult",1938,"Mniotilta varia","Mniotilta_varia",10,NA,"male",6.1,746,10.7863550166613,25.6582764962601,"Summer",64380
7,-83.6754669,46.0338356,NA,1938,"Mniotilta varia","Mniotilta_varia",10.2,NA,"male",6,754,10.7770343646557,25.344849352987,"Summer",64381
8,-83.7391662,46.0204493,"immature",1938,"Mniotilta varia","Mniotilta_varia",10.1,NA,"male",6.1,746,10.7863550166613,25.6582764962601,"Summer",64382
5,-83.7263412,42.2708397,NA,1942,"Mniotilta varia","Mniotilta_varia",9.6,NA,"male",9.4,910,10.4734585182419,40.89200918289,"Spring",64384
5,-83.7263412,42.2708397,NA,1935,"Mniotilta varia","Mniotilta_varia",11.1,NA,"female",8.8,649,10.2459748194108,44.6617555019791,"Spring",64385
9,-86.8760071,40.4179344,NA,1939,"Mniotilta varia","Mniotilta_varia",10.1,123,"male",11.7,876,9.84960774484308,62.5877614189998,"Fall",64386
5,-84.118395,46.188029,NA,1982,"Mniotilta varia","Mniotilta_varia",13,NA,"female",3.9,825,10.8638544418329,50.406491895828,"Spring",64387
5,-85.5295561,42.2448504,NA,1979,"Mniotilta varia","Mniotilta_varia",10,NA,"male",8.5,914,10.7982181470609,55.0312852239344,"Spring",64388
9,-83.7263412,42.2708397,NA,1974,"Mniotilta varia","Mniotilta_varia",13,NA,"male",9,711,9.67923034130297,47.3778730579375,"Fall",64389
5,-83.7344027,42.2782296,NA,1978,"Mniotilta varia","Mniotilta_varia",11,NA,"male",8.1,741,11.4812891262262,38.4202284192797,"Spring",64390
8,-83.6619186,42.2993415,NA,1986,"Mniotilta varia","Mniotilta_varia",9.9,NA,"male",9.5,890,10.0419234847079,53.6771273818843,"Summer",64391
9,-83.1455612,42.5336033,NA,1985,"Mniotilta varia","Mniotilta_varia",9.2,NA,"female",9.4,1030,10.4325539451364,38.1582590849129,"Fall",64392
9,-83.1455612,42.5336033,NA,1985,"Mniotilta varia","Mniotilta_varia",9.6,NA,"female",9.4,1030,10.4325539451364,38.1582590849129,"Fall",64393
5,-83.7400246,42.2754036,NA,1989,"Mniotilta varia","Mniotilta_varia",10.5,NA,"male",8.6,881,10.5115628973742,44.1002358215271,"Spring",64394
6,-83.7171292,46.0050478,NA,1938,"Mniotilta varia","Mniotilta_varia",10.3,NA,"female",6.1,751,10.7428164864064,25.6771564554248,"Summer",64395
9,-83.7263412,42.2708397,"immature",1990,"Mniotilta varia","Mniotilta_varia",10.9,NA,"male",10.3,1143,8.6246299876715,40.3792365163565,"Fall",64396
8,-89.3152428,46.8722797,NA,2001,"Mniotilta varia","Mniotilta_varia",7.7,NA,"undetermined",7.2,856,10.0007386090865,29.9018953484413,"Summer",64397
5,-83.6869812,42.8088142,NA,1996,"Mniotilta varia","Mniotilta_varia",10.4,NA,"female",7.9,779,10.4018464270008,49.1206180016795,"Spring",64398
5,-84.5591282,42.7348776,NA,2007,"Mniotilta varia","Mniotilta_varia",9.2,NA,"male",9.6,883,10.7320357299578,47.0253677867642,"Spring",64399
8,-84.5575565,42.734787,"immature",2012,"Mniotilta varia","Mniotilta_varia",9.5,NA,"male",10.9,736,9.27786548074437,43.8701723959429,"Summer",64400
8,-84.5552444,42.7335852,"immature",2012,"Mniotilta varia","Mniotilta_varia",8,NA,"undetermined",10.9,735,9.27786548074437,43.8701723959429,"Summer",64401
7,-83.6880112,42.6119803,"juvenile",1934,"Mniotilta varia","Mniotilta_varia",11.3,NA,"male",8.8,457,11.5967341275138,52.2805267233165,"Summer",64403
9,-84.2366409,42.337103,"immature",1938,"Mniotilta varia","Mniotilta_varia",10.5,NA,"female",10.2,739,9.58655545305745,54.1951228383305,"Fall",64404
6,-85.3811932,45.2163895,NA,1937,"Mniotilta varia","Mniotilta_varia",10,NA,"male",7.5,752,10.4691610615815,68.4234808234294,"Summer",64405
4,-83.8069143,36.3411805,NA,1938,"Mniotilta varia","Mniotilta_varia",10.2,NA,"male",14.4,1303,7.94816540676736,43.0876878187572,"Spring",64406
4,-94.3979645,29.5659919,"larva",1982,NA,"Mniotilta_varia",10.5,110,"female",20.6,1201,6.36308006226449,64.7903048785619,"Spring",64407
6,-117.179457,46.728691,"Ad",1965,"Mniotilta varia","Mniotilta_varia",11.1,128,"male",8.8,385,7.1714659758256,64.1542441733557,"Summer",64408
5,-117.164293,46.730767,NA,1973,"Mniotilta varia","Mniotilta_varia",9.5,NA,"male",8.6,524,7.4581407627078,109.643696085904,"Spring",64409
5,-76.5095,42.4381,NA,1959,"Mniotilta varia","Mniotilta_varia",11.1999998092651,NA,"male",9.8,925,10.5954964704135,48.5992634383756,"Spring",64410
5,-76.46632,42.44127,NA,1952,"Mniotilta varia","Mniotilta_varia",11.6999998092651,NA,"female",9,873,9.24361778185196,39.4320112942418,"Spring",64411
5,-76.5095,42.4381,NA,1954,"Mniotilta varia","Mniotilta_varia",11.8999996185303,NA,"male",9.7,834,9.39066267387693,31.6517032910352,"Spring",64412
9,-76.050983,43.308327,NA,1999,"Mniotilta varia","Mniotilta_varia",10.1999998092651,NA,NA,8.6,999,10.2056245633118,57.4983952345233,"Fall",64413
6,-86.815656,38.84286,NA,2007,"Mniotilta varia","Mniotilta_varia",10.9,NA,"male",14.1,1035,10.1096563500028,44.4091819402975,"Summer",64414
9,-76.451,42.4799,"imm.",2013,"Mniotilta varia","Mniotilta_varia",11.4,114,"female",8.4,1091,9.73227604261701,46.0327443353956,"Fall",64416
5,-103.84325,44.45248,NA,2008,"Mniotilta varia","Mniotilta_varia",9,NA,"male",5.9,766,9.55308929883497,104.257694546455,"Spring",64417
5,-103.84325,44.45248,NA,2008,"Mniotilta varia","Mniotilta_varia",9.8,NA,"male",5.9,766,9.55308929883497,104.257694546455,"Spring",64418
5,-103.84325,44.45248,NA,2008,"Mniotilta varia","Mniotilta_varia",9.8,NA,"male",5.9,766,9.55308929883497,104.257694546455,"Spring",64419
4,-94.8461841,38.2134953,NA,1956,"Mniotilta varia","Mniotilta_varia",9.5,NA,"male",14.3,694,10.2074356438942,58.7426032110182,"Spring",64420
5,-95.2691492,38.9549568,NA,1966,"Mniotilta varia","Mniotilta_varia",12.3,NA,"male",12.1,695,9.94804686175313,97.7430841406576,"Spring",64421
4,-101.78469,37.1521231,NA,1950,"Mniotilta varia","Mniotilta_varia",9,NA,"male",13.5,457,8.51972310689625,120.003987155499,"Spring",64422
10,-95.917,39.026,NA,1999,"Mniotilta varia","Mniotilta_varia",11,NA,"female",13.6,955,9.38367376528688,87.1414334485158,"Fall",64423
9,-91.4907073,44.8098524,NA,1968,"Mniotilta varia","Mniotilta_varia",9.7,NA,"undetermined",6.7,1064,11.4537376458781,75.9508075301975,"Fall",64424
9,-91.4907073,44.8098524,NA,1968,"Mniotilta varia","Mniotilta_varia",9.1,NA,"undetermined",6.7,1064,11.4537376458781,75.9508075301975,"Fall",64425
9,-91.4907073,44.8098524,NA,1973,"Mniotilta varia","Mniotilta_varia",10.6,NA,"undetermined",7.5,874,11.3317300559361,65.561849245128,"Fall",64426
9,-91.4907073,44.8098524,NA,1968,"Mniotilta varia","Mniotilta_varia",9.7,NA,"undetermined",6.7,1064,11.4537376458781,75.9508075301975,"Fall",64427
10,-80.7061346,28.3069353,NA,2004,"Mniotilta varia","Mniotilta_varia",7.9,NA,"male",22.4,1266,4.52550850985028,77.6301855780972,"Fall",64428
9,-91.4907073,44.8098524,NA,1968,"Mniotilta varia","Mniotilta_varia",10.4,NA,"undetermined",6.7,1064,11.4537376458781,75.9508075301975,"Fall",64429
9,-76.6205902,39.2998085,NA,1966,"Mniotilta varia","Mniotilta_varia",10,NA,"male",12.5,978,9.48221620943249,54.6907056773061,"Fall",64430
9,-91.4907073,44.8098524,NA,1968,"Mniotilta varia","Mniotilta_varia",9.2,NA,"undetermined",6.7,1064,11.4537376458781,75.9508075301975,"Fall",64431
9,-91.4907073,44.8098524,NA,1968,"Mniotilta varia","Mniotilta_varia",11.9,NA,"undetermined",6.7,1064,11.4537376458781,75.9508075301975,"Fall",64432
9,-91.4907073,44.8098524,NA,1968,"Mniotilta varia","Mniotilta_varia",8.9,NA,"undetermined",6.7,1064,11.4537376458781,75.9508075301975,"Fall",64433
9,-91.4907073,44.8098524,NA,1968,"Mniotilta varia","Mniotilta_varia",9.7,NA,"undetermined",6.7,1064,11.4537376458781,75.9508075301975,"Fall",64434
9,-91.4907073,44.8098524,NA,1968,"Mniotilta varia","Mniotilta_varia",10.2,NA,"undetermined",6.7,1064,11.4537376458781,75.9508075301975,"Fall",64435
9,-91.4907073,44.8098524,NA,1968,"Mniotilta varia","Mniotilta_varia",10.3,NA,"undetermined",6.7,1064,11.4537376458781,75.9508075301975,"Fall",64436
10,-79.8134003,39.3839817,NA,1976,"Mniotilta varia","Mniotilta_varia",9.5,NA,"male",9.2,1135,8.38116123436148,48.6360648956478,"Fall",64437
9,-91.4907073,44.8098524,NA,1968,"Mniotilta varia","Mniotilta_varia",10.4,NA,"undetermined",6.7,1064,11.4537376458781,75.9508075301975,"Fall",64438
9,-91.4907073,44.8098524,NA,1968,"Mniotilta varia","Mniotilta_varia",9.4,NA,"undetermined",6.7,1064,11.4537376458781,75.9508075301975,"Fall",64439
9,-84.2926025,30.4392021,NA,1977,"Mniotilta varia","Mniotilta_varia",9,NA,"male",19.3,1311,7.34591207695983,59.3943821008485,"Fall",64440
9,-76.6205902,39.2998085,NA,1966,"Mniotilta varia","Mniotilta_varia",9,NA,"female",12.5,978,9.48221620943249,54.6907056773061,"Fall",64441
9,-76.6205902,39.2998085,NA,1966,"Mniotilta varia","Mniotilta_varia",9,NA,"male",12.5,978,9.48221620943249,54.6907056773061,"Fall",64442
9,-79.3501282,35.0635845,NA,1988,"Mniotilta varia","Mniotilta_varia",11,NA,"male",15.3,1073,8.32393409319648,48.5252028931618,"Fall",64443
9,-91.4907073,44.8098524,NA,1968,"Mniotilta varia","Mniotilta_varia",9.5,NA,"undetermined",6.7,1064,11.4537376458781,75.9508075301975,"Fall",64444
9,-91.4907073,44.8098524,NA,1968,"Mniotilta varia","Mniotilta_varia",10.2,NA,"undetermined",6.7,1064,11.4537376458781,75.9508075301975,"Fall",64445
9,-91.4907073,44.8098524,NA,1968,"Mniotilta varia","Mniotilta_varia",10,NA,"undetermined",6.7,1064,11.4537376458781,75.9508075301975,"Fall",64446
5,-71.213327,42.459775,NA,1979,"Mniotilta varia","Mniotilta_varia",14.5,NA,"male",9.7,1310,9.50095688960758,58.715164411474,"Spring",64447
10,-103.5296,34.1118666667,NA,2010,"Mniotilta varia","Mniotilta_varia",11.61,NA,"female",14.7,402,8.72549382122539,65.9608778027884,"Fall",64448
4,-103.529842,34.111886,NA,2011,"Mniotilta varia","Mniotilta_varia",9.6,NA,"male",15.3,179,9.8091330355486,99.1569054962257,"Spring",64449
5,-70.2103,44.5867,"u ad.",1952,"Mniotilta varia","Mniotilta_varia",10,NA,"male",6.9,1027,10.3192083323315,45.6049007402491,"Spring",64450
5,-70.2103,44.5867,"u ad.",1952,"Mniotilta varia","Mniotilta_varia",10,NA,"male",6.9,1027,10.3192083323315,45.6049007402491,"Spring",64451
4,-101.002961,19.663093,"u ad.",1961,"Mniotilta varia","Mniotilta_varia",10.3,NA,"male",16.8,700,2.09711201128571,114.204386521997,"Spring",64452
10,-122.9606,38.0275,"imm.sk.",1963,"Mniotilta varia","Mniotilta_varia",9.9,NA,"male",11.9,752,2.73844680596336,102.11674058108,"Fall",64453
4,-106.3304805555,29.4621811111,"u ad.",1964,"Mniotilta varia","Mniotilta_varia",9.2,NA,"male",16.2,175,7.15102768626279,136.342973641135,"Spring",64454
5,-123.002005,37.698188,"ad.",1963,"Mniotilta varia","Mniotilta_varia",10.1,NA,"male",-9999,-9999,0,0,"Spring",64455
5,-123.002005,37.698188,"ad.",1963,"Mniotilta varia","Mniotilta_varia",11,NA,"male",-9999,-9999,0,0,"Spring",64456
4,-80.2931,27.3185,"unknown",1971,"Mniotilta varia","Mniotilta_varia",9.88,NA,"female",23,1230,3.78804939009752,64.6984885814951,"Spring",64457
4,-80.2931,27.3185,"unknown",1971,"Mniotilta varia","Mniotilta_varia",9.15,NA,"female",23,1230,3.78804939009752,64.6984885814951,"Spring",64458
6,-94.992,35.231,"skull unossified",1982,"Mniotilta varia","Mniotilta_varia",11.1,NA,"male",16.6,1170,8.87002101053164,63.0383296429876,"Summer",64459
4,-109.9,22.8833,"ad.",1929,"Mniotilta varia","Mniotilta_varia",10.6,NA,"female",23,165,3.59750544885556,121.293124556952,"Spring",64460
6,-104.654479,47.198491,"u ad.",1947,"Mniotilta varia","Mniotilta_varia",10.6,NA,"male",6.2,418,12.165011302913,130.932971477031,"Summer",64461
6,-104.654479,47.198491,"u ad.",1947,"Mniotilta varia","Mniotilta_varia",12.2,NA,"female",6.2,418,12.165011302913,130.932971477031,"Summer",64462
5,-79.38155,43.647587,"ad",2005,"Mniotilta varia","Mniotilta_varia",10.3,NA,"male",8.5,739,11.0948083682087,34.2191363876937,"Spring",64463
5,-76.4756584,42.4488581,"ad",1968,"Mniotilta varia","Mniotilta_varia",9.4,NA,"male",8,937,10.544149605781,49.3307349984777,"Spring",64464
6,-82.29439,52.97162,"ad",1971,"Mniotilta varia","Mniotilta_varia",9.6,NA,"male",-1.5,666,13.0837483045559,71.0804011722065,"Summer",64465
6,-57.693328,50.0791758,"ad",1972,"Mniotilta varia","Mniotilta_varia",8.5,NA,"male",1.2,1147,9.8027013902013,27.8880369688553,"Summer",64466
6,-57.5999451,49.0141175,"ad",1972,"Mniotilta varia","Mniotilta_varia",11.5,NA,"female",2.8,1076,9.71989524821969,40.2649363136396,"Summer",64467
5,-79.38155,43.647587,"ad",1973,"Mniotilta varia","Mniotilta_varia",9.9,NA,"female",8.7,820,10.2194852506317,38.9037765764301,"Spring",64468
6,-81.78235,46.28831,NA,1974,"Mniotilta varia","Mniotilta_varia",9.6,NA,"undetermined",3.7,792,10.4518339698511,33.5952643954295,"Summer",64469
6,-84.673276,49.22475,"ad",1975,"Mniotilta varia","Mniotilta_varia",10.7,NA,"male",0.8,720,12.55920222809,34.713837371436,"Summer",64470
6,-90.10714,51.53797,NA,1977,"Mniotilta varia","Mniotilta_varia",11.5,NA,"female",0.1,756,13.8377831470305,53.0738206263508,"Summer",64471
6,-90.10714,51.53797,"ad",1977,"Mniotilta varia","Mniotilta_varia",9.5,NA,"male",0.1,756,13.8377831470305,53.0738206263508,"Summer",64472
6,-80.63539,45.77283,"ad",1978,"Mniotilta varia","Mniotilta_varia",9.5,NA,"male",4.4,828,11.3435704656466,47.544394324923,"Summer",64473
6,-80.63539,45.77283,"ad",1978,"Mniotilta varia","Mniotilta_varia",9.3,NA,"male",4.4,828,11.3435704656466,47.544394324923,"Summer",64474
6,-80.46841,45.72264,"ad",1978,"Mniotilta varia","Mniotilta_varia",19,NA,"male",4.4,852,11.4075832035298,46.808322366911,"Summer",64475
7,-79.75435,51.14935,"ad",1982,"Mniotilta varia","Mniotilta_varia",9.3,NA,"male",-0.8,732,13.6119265886408,45.4362182397203,"Summer",64476
7,-79.75435,51.14935,"juv",1982,"Mniotilta varia","Mniotilta_varia",10.2,NA,"undetermined",-0.8,732,13.6119265886408,45.4362182397203,"Summer",64477
9,-79.266667,43.783333,"ad",1971,"Mniotilta varia","Mniotilta_varia",9.1,NA,"male",7.5,707,10.4589964174679,47.3976012952658,"Fall",64478
5,-79.380261,43.648655,"ad",1995,"Mniotilta varia","Mniotilta_varia",9.7,NA,"female",8.1,842,10.6806643477403,42.8300756341076,"Spring",64479
8,-79.186515,43.81837,"imm",1995,"Mniotilta varia","Mniotilta_varia",9.4,NA,"female",7.8,853,10.721162872251,40.986196101959,"Summer",64480
5,-79.372722,43.73418,"ad",1997,"Mniotilta varia","Mniotilta_varia",10.3,NA,"male",7.3,698,9.58572170501839,32.4529401370035,"Spring",64481
6,-93.83787,48.63186,"ad",1929,"Mniotilta varia","Mniotilta_varia",10.25,NA,"male",1.8,428,14.3487381981409,51.6416404531459,"Summer",64482
6,-84.02525,46.353393,"nestl",1931,"Mniotilta varia","Mniotilta_varia",8.5,NA,"male",6.7,772,10.5130618611787,65.7387277263846,"Summer",64483
6,-84.02525,46.353393,"nestl",1931,"Mniotilta varia","Mniotilta_varia",9,NA,"male",6.7,772,10.5130618611787,65.7387277263846,"Summer",64484
6,-87.72961,52.24829,"ad",1939,"Mniotilta varia","Mniotilta_varia",9.4,NA,"male",-2,684,14.3413578664834,57.1658407777492,"Summer",64485
6,-87.72961,52.24829,NA,1939,"Mniotilta varia","Mniotilta_varia",11.4,NA,"female",-2,684,14.3413578664834,57.1658407777492,"Summer",64486
6,-81.59189,52.25485,"ad",1942,"Mniotilta varia","Mniotilta_varia",11.5,NA,"female",-1.5,703,13.437904327955,49.7651862110958,"Summer",64488
10,-80.07852,42.80335,"ad",1936,"Mniotilta varia","Mniotilta_varia",10,NA,"[male]",7.8,702,11.133116718996,42.180775357544,"Fall",64489
6,-86.71792,50.18312,NA,1947,"Mniotilta varia","Mniotilta_varia",10,NA,"female",-0.7,756,13.5037003907234,45.2918593959555,"Summer",64490
9,-79.381924,43.647863,"ad",2001,"Mniotilta varia","Mniotilta_varia",9.8,NA,"female",9.1,697,9.65735314136175,37.8745626908572,"Fall",64491
9,-79.251966,43.777483,"ad",2001,"Mniotilta varia","Mniotilta_varia",11.8,NA,"female",8.7,721,9.7159974300432,37.1379310227833,"Fall",64492
5,-79.381924,43.647863,"ad",2002,"Mniotilta varia","Mniotilta_varia",9.6,NA,"female",8.7,762,9.64237412611017,27.4827368943551,"Spring",64493
2,-95.0666666667,18.5833333333,"AHY",2003,"Mniotilta varia","Mniotilta_varia",9.6,NA,"female",25.6,3789,2.27436304769649,91.8285670442412,"Winter",64494
3,-95.0666666667,18.5833333333,"AHY",2003,"Mniotilta varia","Mniotilta_varia",10.75,NA,"male",25.6,3789,2.27436304769649,91.8285670442412,"Spring",64495
10,-105.0666666667,19.5333333333,"unknown",1999,"Mniotilta varia","Mniotilta_varia",10.1,NA,"female",25.8,941,2.13470599778276,141.506303431545,"Fall",64496
6,-83.7391662,46.0204493,"adult",1938,"Mniotilta varia","Mniotilta_varia",9.7,NA,"male",6.1,746,10.7863550166613,25.6582764962601,"Summer",64497
6,-83.7391662,45.9914917,"adult",1938,"Mniotilta varia","Mniotilta_varia",11,NA,"female",6.1,749,10.7486574214474,25.9279651212285,"Summer",64498
6,-83.7391662,46.0204493,"adult",1938,"Mniotilta varia","Mniotilta_varia",9.9,NA,"male",6.1,746,10.7863550166613,25.6582764962601,"Summer",64499
6,-83.7391662,46.0204493,"adult",1938,"Mniotilta varia","Mniotilta_varia",12.9,NA,"female",6.1,746,10.7863550166613,25.6582764962601,"Summer",64500
7,-83.7391662,46.0204493,"adult",1938,"Mniotilta varia","Mniotilta_varia",9.3,NA,"male",6.1,746,10.7863550166613,25.6582764962601,"Summer",64501
5,-83.7268066,42.3154008,NA,1942,"Mniotilta varia","Mniotilta_varia",11,NA,"male",9.3,918,10.5050492909867,38.9713122650859,"Spring",64502
6,-84.26651,44.7501468,NA,1945,"Mniotilta varia","Mniotilta_varia",11.1,NA,"male",6.2,829,9.96264234147962,48.5452607526812,"Summer",64503
6,-84.531,44.576028,"adult",1952,"Mniotilta varia","Mniotilta_varia",9.86,NA,"male",7.2,742,10.1086821369284,64.2875250754788,"Summer",64504
5,-83.7263412,42.2708397,NA,1956,"Mniotilta varia","Mniotilta_varia",10.1,NA,"male",9.4,705,9.67381658254524,61.8738767305599,"Spring",64505
4,-83.4257278,41.7401466,NA,1961,"Mniotilta varia","Mniotilta_varia",10.8,NA,"female",9.8,789,9.96175641687202,53.4039982627563,"Spring",64506
5,-83.7263412,42.2708397,NA,1972,"Mniotilta varia","Mniotilta_varia",8.8,NA,"male",8.5,745,10.1826464084141,36.6112261865124,"Spring",64507
9,-83.7263412,42.2708397,NA,1985,"Mniotilta varia","Mniotilta_varia",11.6,NA,"female",9,1040,10.6588809180065,34.9603911571367,"Fall",64508
10,-85.106549,45.586757,"immature",1986,"Mniotilta varia","Mniotilta_varia",9.35,NA,"undetermined",6.9,675,9.37922833939041,63.87543380763,"Fall",64509
9,-83.1455612,42.5336033,NA,1985,"Mniotilta varia","Mniotilta_varia",9.4,NA,"undetermined",9.4,1030,10.4325539451364,38.1582590849129,"Fall",64510
5,-83.2918167,42.6357268,NA,1992,"Mniotilta varia","Mniotilta_varia",10.4,NA,"undetermined",8.7,878,8.75288264204739,41.997806470934,"Spring",64511
9,-83.6515331,42.5755219,NA,2005,"Mniotilta varia","Mniotilta_varia",9.9,NA,"male",8.9,723,11.0311507957596,50.4514747443355,"Fall",64512
5,-84.560244,42.7327183,"adult",2008,"Mniotilta varia","Mniotilta_varia",9.2,NA,"male",8.8,982,10.27758667581,52.2049992759661,"Spring",64513
9,-86.965319,46.014536,NA,2012,"Mniotilta varia","Mniotilta_varia",9.5,NA,"male",7.2,952,9.61745178245666,36.8818946756125,"Fall",64514
9,-83.83701,42.24148,NA,2000,"Mniotilta varia","Mniotilta_varia",9,NA,"in question",9.3,1078,10.1957618943393,52.330728755093,"Fall",64516
7,-84.3077087,44.7106341,NA,1934,"Mniotilta varia","Mniotilta_varia",10.9,NA,"male",6,661,11.350727516398,61.0877116923299,"Summer",64517
7,-83.6880112,42.6119803,"juvenile",1934,"Mniotilta varia","Mniotilta_varia",11.5,NA,NA,8.8,457,11.5967341275138,52.2805267233165,"Summer",64518
7,-84.3015289,44.7111221,"immature",1934,"Mniotilta varia","Mniotilta_varia",9.2,NA,"male",6,660,11.350727516398,61.3537211096775,"Summer",64519
8,-84.2366409,42.337103,NA,1937,"Mniotilta varia varia","Mniotilta_varia",10.8,NA,"male",8.9,875,10.2074356438942,56.9535774244878,"Summer",64520
9,-85.436554,46.6732343,"immature",1938,"Mniotilta varia","Mniotilta_varia",10.5,NA,"male",5.2,939,10.0161082383541,23.7434522788991,"Fall",64521
5,-84.1565421,36.2820463,NA,1938,"Mniotilta varia","Mniotilta_varia",9.7,NA,"male",14.3,1253,8.22105113827799,38.5239328636917,"Spring",64522
5,-83.8918904,36.3326804,NA,1938,"Mniotilta varia","Mniotilta_varia",11.2,NA,"male",14.2,1314,8.02564072774935,41.5782767408606,"Spring",64523
4,-83.8069143,36.3411805,NA,1938,"Mniotilta varia","Mniotilta_varia",10.4,NA,"male",14.4,1303,7.94816540676736,43.0876878187572,"Spring",64524
6,-84.0706177,36.1963806,NA,1938,"Mniotilta varia","Mniotilta_varia",11.4,NA,"female",14.5,1291,8.07727826946826,39.2355287608617,"Summer",64525
5,-72.170985,41.8911152,NA,1976,"Mniotilta varia","Mniotilta_varia",10.2,NA,"female",8,1158,9.82751240141675,53.1462359820213,"Spring",64526
10,-79.684894,44.366155,NA,1965,"Mniotilta varia","Mniotilta_varia",10.4,119,"undetermined",5.7,942,9.59928580045348,38.2449666811119,"Fall",64527
9,-84.988335,-45.43167,NA,2005,"Mniotilta varia","Mniotilta_varia",10.8,NA,"female",-9999,-9999,0,0,"Fall",64528
NA,-79.548056,43.640833,"ad",1973,"Mniotilta varia","Mniotilta_varia",9.3,NA,"male",8.5,840,10.1927298808632,38.8517948955363,"",64529
NA,-79.684894,44.366155,NA,1965,"Mniotilta varia","Mniotilta_varia",10,123,"undetermined",5.7,942,9.59928580045348,38.2449666811119,"",64530
NA,-79.684894,44.366155,NA,1965,"Mniotilta varia","Mniotilta_varia",10.1,127,"undetermined",5.7,942,9.59928580045348,38.2449666811119,"",64531
NA,-79.684894,44.366155,NA,1965,"Mniotilta varia","Mniotilta_varia",8.8,128,"undetermined",5.7,942,9.59928580045348,38.2449666811119,"",64532
NA,-79.684894,44.366155,NA,1965,"Mniotilta varia","Mniotilta_varia",10.9,128,"undetermined",5.7,942,9.59928580045348,38.2449666811119,"",64533
NA,-79.684894,44.366155,NA,1965,"Mniotilta varia","Mniotilta_varia",10.5,130,"undetermined",5.7,942,9.59928580045348,38.2449666811119,"",64534
NA,-79.684894,44.366155,NA,1965,"Mniotilta varia","Mniotilta_varia",10.7,133,"undetermined",5.7,942,9.59928580045348,38.2449666811119,"",64535
NA,-79.684894,44.366155,NA,1965,"Mniotilta varia","Mniotilta_varia",10,129,"undetermined",5.7,942,9.59928580045348,38.2449666811119,"",64536
NA,-79.684894,44.366155,NA,1965,"Mniotilta varia","Mniotilta_varia",9.9,NA,"undetermined",5.7,942,9.59928580045348,38.2449666811119,"",64537
NA,-79.684894,44.366155,NA,1965,"Mniotilta varia","Mniotilta_varia",10.5,126,"undetermined",5.7,942,9.59928580045348,38.2449666811119,"",64538
NA,-79.684894,44.366155,NA,1965,"Mniotilta varia","Mniotilta_varia",9.6,132,"undetermined",5.7,942,9.59928580045348,38.2449666811119,"",64539
NA,-79.684894,44.366155,NA,1965,"Mniotilta varia","Mniotilta_varia",10,428,"undetermined",5.7,942,9.59928580045348,38.2449666811119,"",64540
NA,-79.684894,44.366155,"ad",1965,"Mniotilta varia","Mniotilta_varia",10.8,121,"[female]",5.7,942,9.59928580045348,38.2449666811119,"",64541
NA,-79.684894,44.366155,NA,1965,"Mniotilta varia","Mniotilta_varia",11,125,"undetermined",5.7,942,9.59928580045348,38.2449666811119,"",64542
NA,-79.684894,44.366155,"imm",1966,"Mniotilta varia","Mniotilta_varia",11.4,126,"undetermined",6,801,10.036248695543,46.1460133213536,"",64543
NA,-79.684894,44.366155,"ad",1966,"Mniotilta varia","Mniotilta_varia",9.5,122,"female",6,801,10.036248695543,46.1460133213536,"",64544
NA,-83.837982,42.2540303,NA,1995,"Mniotilta varia","Mniotilta_varia",9.3,NA,"female",9.4,825,10.8524260658689,43.7090708431704,"",64545
10,-109.91721,22.88378,"Imm.",1968,"Mniotilta varia","Mniotilta_varia",9,NA,"m?",23.3,158,3.51890995518886,99.4925289158719,"Fall",64548
6,-123.00674,37.69917,"Ad.; Sk.Oss.",1970,"Mniotilta varia","Mniotilta_varia",7.8,NA,"male",-9999,-9999,0,0,"Summer",64549
11,-97.11359,16.05915,"U-Ad.; Sk.Os.",1964,"Mniotilta varia","Mniotilta_varia",9.9,NA,"male",22.7,1351,1.40151433251409,124.774078855245,"Fall",64550
6,-123.00674,37.69917,"U-Ad.",1970,"Mniotilta varia","Mniotilta_varia",7.6,NA,"female",-9999,-9999,0,0,"Summer",64551
5,-92.0447,37.73778,"ASY",2005,"Mniotilta varia","Mniotilta_varia",7.79,114,"male",13.9,1013,9.29460579958596,59.5394696956514,"Spring",64552
4,-76.410842,42.407817,NA,2004,"Mniotilta varia","Mniotilta_varia",10.5,NA,"male",7.7,1175,10.0327191999704,55.9516488616432,"Spring",64553
8,-76.410842,42.407817,NA,2008,"Mniotilta varia","Mniotilta_varia",9.8,NA,NA,8.2,1072,9.45917864331046,38.2070736052976,"Summer",64554
6,-74.4284333,44.4992333,NA,2008,"Mniotilta varia","Mniotilta_varia",10.4,NA,"male",5.8,1278,9.97905382045388,32.2528382659897,"Summer",64555
6,-74.4284333,44.4992333,NA,2008,"Mniotilta varia","Mniotilta_varia",9.75,NA,"male",5.8,1278,9.97905382045388,32.2528382659897,"Summer",64556
9,-76.367399,42.469282,NA,2009,"Mniotilta varia","Mniotilta_varia",9.9,110,"female",7.3,997,9.59290694400627,46.8261922729403,"Fall",64557
5,-74.79024,43.94064,NA,2013,"Mniotilta varia","Mniotilta_varia",10,NA,"male",5.5,1384,10.3459112110958,46.4122616558285,"Spring",64558
5,-74.77496,43.94742,NA,2013,"Mniotilta varia","Mniotilta_varia",11,NA,"male",5.6,1369,10.3590503542759,46.9953564864524,"Spring",64559
9,-96.0666667,39,NA,1982,"Mniotilta varia","Mniotilta_varia",10.3,NA,"male",11.6,968,10.6420371426459,77.46782416156,"Fall",64560
9,-96.0666667,39,NA,1982,"Mniotilta varia","Mniotilta_varia",10.8,NA,"female",11.6,968,10.6420371426459,77.46782416156,"Fall",64561
9,-96.0666667,39,NA,1982,"Mniotilta varia","Mniotilta_varia",10,NA,"female",11.6,968,10.6420371426459,77.46782416156,"Fall",64562
9,-95.9166667,39.0333333,NA,1985,"Mniotilta varia","Mniotilta_varia",13.2,NA,"female",11.1,1139,11.3735605149785,66.0237946914877,"Fall",64563
9,-95.9166667,39.0333333,NA,1985,"Mniotilta varia","Mniotilta_varia",10.7,NA,"undetermined",11.1,1139,11.3735605149785,66.0237946914877,"Fall",64564
9,-95.9166667,39.0333333,NA,1985,"Mniotilta varia","Mniotilta_varia",11,NA,"male",11.1,1139,11.3735605149785,66.0237946914877,"Fall",64565
9,-95.9166667,-39.0333333,NA,1986,"Mniotilta varia","Mniotilta_varia",12,NA,"female",-9999,-9999,0,0,"Fall",64566
10,-95.9166667,39.0333333,NA,1986,"Mniotilta varia","Mniotilta_varia",9.9,NA,"female",13.2,1103,9.80638320254474,68.6826424865198,"Fall",64567
1,-89.55,13.828,NA,2002,"Mniotilta varia","Mniotilta_varia",9.3,NA,"female",-9999,-9999,0,0,"Winter",64568
2,-89.981,13.847,"adult",2002,"Mniotilta varia","Mniotilta_varia",7.4,NA,"female",-9999,-9999,0,0,"Winter",64569
1,-89.807,13.81,"adult",2002,"Mniotilta varia","Mniotilta_varia",8,NA,"female",-9999,-9999,0,0,"Winter",64570
1,-89.807,13.81,"adult",2002,"Mniotilta varia","Mniotilta_varia",9,NA,"female",-9999,-9999,0,0,"Winter",64571
11,-69.5,19,NA,2002,"Mniotilta varia","Mniotilta_varia",9.8,NA,"female",-9999,-9999,0,0,"Fall",64572
9,-95.917,39.026,NA,2005,"Mniotilta varia","Mniotilta_varia",14.2,NA,"male",13.4,1066,10.1806709310369,80.6359932605757,"Fall",64573
9,-95.917,39.026,NA,2005,"Mniotilta varia","Mniotilta_varia",12,NA,"male",13.4,1066,10.1806709310369,80.6359932605757,"Fall",64574
9,-95.9166667,39.0333333,NA,2005,"Mniotilta varia","Mniotilta_varia",10.1,NA,"female",13.4,1066,10.1806709310369,80.9603143858475,"Fall",64575
9,-95.9166667,39.0333333,NA,2005,"Mniotilta varia","Mniotilta_varia",13,NA,"female",13.4,1066,10.1806709310369,80.9603143858475,"Fall",64576
2,-89.3848333,14.3693833,NA,2004,"Mniotilta varia","Mniotilta_varia",9,NA,"male",-9999,-9999,0,0,"Winter",64577
2,-89.4033667,14.3908833,NA,2004,"Mniotilta varia","Mniotilta_varia",7.7,NA,"female",-9999,-9999,0,0,"Winter",64578
2,-88.9147,14.13275,NA,2004,"Mniotilta varia","Mniotilta_varia",7.5,NA,"undetermined",-9999,-9999,0,0,"Winter",64579
3,-88.9163667,14.13795,NA,2004,"Mniotilta varia","Mniotilta_varia",9.7,NA,"male",-9999,-9999,0,0,"Spring",64580
11,-90.27,15.1,NA,1958,"Mniotilta varia","Mniotilta_varia",9,NA,"male",-9999,-9999,0,0,"Fall",64581
1,-89.13,15.4,NA,1959,"Mniotilta varia","Mniotilta_varia",10,NA,"female",-9999,-9999,0,0,"Winter",64582
5,-103.529842,34.11186,NA,2011,"Mniotilta varia","Mniotilta_varia",7.61,NA,"male",15.3,179,9.8091330355486,99.1569054962257,"Spring",64583
9,-80.05214,42.79957,"ad",1970,"Mniotilta varia","Mniotilta_varia",11.8,130,"female",8.4,910,10.5680335603807,37.9925835072968,"Fall",64584
9,-80.05214,42.79957,"ad",1970,"Mniotilta varia","Mniotilta_varia",10.5,134,"female",8.4,910,10.5680335603807,37.9925835072968,"Fall",64585
9,-80.05214,42.79957,"ad",1970,"Mniotilta varia","Mniotilta_varia",11.2,131,"male",8.4,910,10.5680335603807,37.9925835072968,"Fall",64586
9,-80.05214,42.79957,"ad",1970,"Mniotilta varia","Mniotilta_varia",10.6,133,"male",8.4,910,10.5680335603807,37.9925835072968,"Fall",64587
9,-80.05214,42.79957,"ad",1970,"Mniotilta varia","Mniotilta_varia",11,133,"male",8.4,910,10.5680335603807,37.9925835072968,"Fall",64588
9,-80.05214,42.79957,"ad",1970,"Mniotilta varia","Mniotilta_varia",11.2,NA,"female",8.4,910,10.5680335603807,37.9925835072968,"Fall",64589
9,-80.07309,42.80729,"ad",1970,"Mniotilta varia","Mniotilta_varia",10.5,129,"male",8.4,908,10.5469046155589,38.025836374342,"Fall",64590
9,-80.07309,42.80729,"ad",1970,"Mniotilta varia","Mniotilta_varia",11.1,136,"male",8.4,908,10.5469046155589,38.025836374342,"Fall",64591
9,-80.07309,42.80729,"ad",1970,"Mniotilta varia","Mniotilta_varia",10.4,NA,"female",8.4,908,10.5469046155589,38.025836374342,"Fall",64592
9,-80.07309,42.80729,"ad",1970,"Mniotilta varia","Mniotilta_varia",10.7,128,"female",8.4,908,10.5469046155589,38.025836374342,"Fall",64593
9,-80.05214,42.79957,"ad",1970,"Mniotilta varia","Mniotilta_varia",10.2,134,"male",8.4,910,10.5680335603807,37.9925835072968,"Fall",64594
9,-80.05214,42.79957,"ad",1970,"Mniotilta varia","Mniotilta_varia",10.5,131,"female",8.4,910,10.5680335603807,37.9925835072968,"Fall",64595
9,-80.07309,42.80729,"ad",1970,"Mniotilta varia","Mniotilta_varia",17,129,"male",8.4,908,10.5469046155589,38.025836374342,"Fall",64596
5,-80.07309,42.80729,"ad",1975,"Mniotilta varia","Mniotilta_varia",10.9,NA,"male",9.1,969,9.5282792812032,37.9210989349835,"Spring",64597
5,-80.07309,42.80729,"ad",1975,"Mniotilta varia","Mniotilta_varia",10.8,NA,"male",9.1,969,9.5282792812032,37.9210989349835,"Spring",64598
5,-80.07309,42.80729,"ad",1975,"Mniotilta varia","Mniotilta_varia",11.5,NA,"female",9.1,969,9.5282792812032,37.9210989349835,"Spring",64599
7,-94.98538,49.92533,NA,1947,"Mniotilta varia","Mniotilta_varia",10.3,NA,"female",1.5,627,13.7663181407199,61.9181824825118,"Summer",64600
8,-99.3964833,30.0431167,NA,2010,"Mniotilta varia","Mniotilta_varia",9.7,NA,"male",18.3,835,7.77963055132771,84.6001079798064,"Summer",64601
5,-97.4576,30.21669,NA,2011,"Mniotilta varia","Mniotilta_varia",10.8,NA,"female",21.9,566,8.15183563637198,77.8036114455016,"Spring",64602
5,-97.3343833,29.9578833,NA,2012,"Mniotilta varia","Mniotilta_varia",9.1,NA,"female",21.6,1123,6.32821962611631,74.5472839294494,"Spring",64603
2,-106.425646,21.463515,NA,1961,"Mniotilta varia","Mniotilta_varia",8.9,NA,"male",22.9,609,2.96295307237406,128.639107662274,"Winter",64606
6,-85.9965,45.0939,NA,1940,"Mniotilta varia","Mniotilta_varia",9,NA,"male",7.4,856,9.49386963287682,40.8123683780674,"Summer",64607
7,-88.9,46.2,NA,1944,"Mniotilta varia","Mniotilta_varia",9.3,NA,"male",5.4,777,10.9331716543848,56.1654525311865,"Summer",64608
5,-83.6561111,42.3127778,NA,1948,"Mniotilta varia","Mniotilta_varia",10.8,NA,"male",9.4,733,10.4204744555509,42.8516163598439,"Spring",64609
5,-83.6561111,42.3127778,NA,1948,"Mniotilta varia","Mniotilta_varia",10.43,NA,"in question",9.4,733,10.4204744555509,42.8516163598439,"Spring",64610
5,-82.8166667,41.65,NA,1949,"Mniotilta varia","Mniotilta_varia",10.3,NA,"female",11.4,702,9.62869370289877,33.1110474493077,"Spring",64611
6,-83.7,37.8,NA,1948,"Mniotilta varia","Mniotilta_varia",11.8,NA,"female",12.8,1333,8.77880971430638,42.2617219504307,"Summer",64612
7,-84.2666667,36.8333333,NA,1948,"Mniotilta varia","Mniotilta_varia",10.4,NA,"male",12.4,1309,8.36574454655303,46.5205573641309,"Summer",64613
3,-88.5784142,20.6689352,NA,1936,"Mniotilta varia","Mniotilta_varia",9.5,NA,"male",25.8,1372,1.76710257629587,60.9052551150767,"Spring",64614
7,-84.6666667,44.9,NA,1939,"Mniotilta varia","Mniotilta_varia",10,NA,"female",6.4,813,10.6541889613542,60.9296090998865,"Summer",64615
5,-72.1333,42,NA,1976,"Mniotilta varia","Mniotilta_varia",10.2,NA,"male",7.7,1146,9.93592731027917,50.4014005554228,"Spring",64616
5,-73.214786,41.263582,NA,1978,"Mniotilta varia","Mniotilta_varia",10,NA,"male",9.7,1242,9.72461730960051,53.4772946110857,"Spring",64617
5,-72.1333,42,NA,1976,"Mniotilta varia","Mniotilta_varia",9.8,NA,"male",7.7,1146,9.93592731027917,50.4014005554228,"Spring",64618
7,-72.6372,41.3597,NA,1968,"Mniotilta varia","Mniotilta_varia",10.7,NA,"male",9.3,1011,9.86779272853526,57.3532884782539,"Summer",64619
9,-74.0775,39.9267,"immature",1975,"Mniotilta varia","Mniotilta_varia",9.1,NA,"female",11.8,1272,8.47139124919689,30.2288540568908,"Fall",64620
5,-72.1333,42,NA,1976,"Mniotilta varia","Mniotilta_varia",11.2,NA,"female",7.7,1146,9.93592731027917,50.4014005554228,"Spring",64621
6,-72.1333,42,NA,1975,"Mniotilta varia","Mniotilta_varia",7.5,NA,"male",8.2,1441,9.25400404738894,32.5704076809867,"Summer",64622
6,-72.1333,42,NA,1975,"Mniotilta varia","Mniotilta_varia",10.5,NA,"male",8.2,1441,9.25400404738894,32.5704076809867,"Summer",64623
9,-75.4167,38.1,"immature",1975,"Mniotilta varia","Mniotilta_varia",10.4,NA,"male",14.4,1191,8.05531539175258,42.0969838039138,"Fall",64624
5,-72.65,41.2167,NA,1978,"Mniotilta varia","Mniotilta_varia",9.8,NA,"male",9.7,1228,9.42651000684192,53.450882076514,"Spring",64625
5,-72.1333,42,NA,1976,"Mniotilta varia","Mniotilta_varia",11,NA,"male",7.7,1146,9.93592731027917,50.4014005554228,"Spring",64626
7,-72.9975,41.4217,NA,1967,"Mniotilta varia","Mniotilta_varia",11.9,NA,"male",8.6,1228,9.21804883055109,32.4216190525269,"Summer",64627
4,-72.922667,41.307556,"adult",2012,"Mniotilta varia","Mniotilta_varia",9.7,NA,NA,12.8,1244,8.28596842422615,51.5486060761964,"Spring",64628
5,-72.8972,41.3931,NA,1997,"Mniotilta varia","Mniotilta_varia",5,NA,NA,10.4,1057,8.62626363163243,36.6198223875866,"Spring",64629
9,-75.4167,38.1,NA,1975,"Mniotilta varia","Mniotilta_varia",10.3,NA,"female",14.4,1191,8.05531539175258,42.0969838039138,"Fall",64630
5,-72.1333,42,NA,1976,"Mniotilta varia","Mniotilta_varia",13.2,NA,"male",7.7,1146,9.93592731027917,50.4014005554228,"Spring",64631
5,-72.1333,42,NA,1976,"Mniotilta varia","Mniotilta_varia",10.1,NA,"male",7.7,1146,9.93592731027917,50.4014005554228,"Spring",64632
11,-122.25935,37.82252,"U-Ad.",1950,"Mniotilta varia","Mniotilta_varia",10,NA,"female",13.9,695,3.4286117872805,112.680787949402,"Fall",64633
8,-122.48251,37.7695,"U-Ad.",1953,"Mniotilta varia","Mniotilta_varia",10.7,NA,"male",12.8,343,2.07269404545403,115.54549916524,"Summer",64634
6,-123.00674,37.69917,"U-Ad.",1970,"Mniotilta varia","Mniotilta_varia",7.5,NA,"male",-9999,-9999,0,0,"Summer",64635
8,-123.00361,37.69852,"Imm",1986,"Mniotilta varia","Mniotilta_varia",9.2,NA,"female",-9999,-9999,0,0,"Summer",64636
9,-122.6853,37.9094,"U",2005,"Mniotilta varia","Mniotilta_varia",11.2,115,"undetermined",13.5,906,1.80672145729286,131.391917999704,"Fall",64637
8,-76.398652,42.408514,NA,1999,"Mniotilta varia","Mniotilta_varia",9.10000038146973,NA,"female",8.3,846,9.78091834320089,61.1579663225647,"Summer",64638
7,-76.329447,42.403965,NA,1989,"Mniotilta varia","Mniotilta_varia",10.5,115,"male",7.1,1026,10.5380120027307,56.6862316853922,"Summer",64639
8,-76.410842,42.407817,NA,2003,"Mniotilta varia","Mniotilta_varia",19.3999996185303,127,"female",7.3,1141,10.2035495903349,35.8710019888167,"Summer",64640
9,-95.9166667,39.0333333,NA,1985,"Mniotilta varia","Mniotilta_varia",10.1,NA,"male",11.1,1139,11.3735605149785,66.0237946914877,"Fall",64641
9,-95.9166667,39.0333333,NA,1985,"Mniotilta varia","Mniotilta_varia",9.6,NA,"undetermined",11.1,1139,11.3735605149785,66.0237946914877,"Fall",64642
5,-93.85,36.5166667,NA,2000,"Mniotilta varia","Mniotilta_varia",9.5,NA,"female",14,1038,9.34902360806958,66.331183363513,"Spring",64643
2,-89.981,13.847,"adult",2002,"Mniotilta varia","Mniotilta_varia",8,NA,"male",-9999,-9999,0,0,"Winter",64644
12,-89.981,13.847,"adult",2001,"Mniotilta varia","Mniotilta_varia",7.8,NA,"undetermined",-9999,-9999,0,0,"Winter",64645
1,-89.943,13.823,"adult",2002,"Mniotilta varia","Mniotilta_varia",8.2,NA,"female",-9999,-9999,0,0,"Winter",64646
2,-89.981,13.847,"ASY (by rectrices)",2002,"Mniotilta varia","Mniotilta_varia",8,NA,"female",-9999,-9999,0,0,"Winter",64647
3,-88.9147,14.13275,NA,2004,"Mniotilta varia","Mniotilta_varia",6.5,NA,"male",-9999,-9999,0,0,"Spring",64648
2,-89.4033667,14.3908833,NA,2004,"Mniotilta varia","Mniotilta_varia",7.5,NA,"female",-9999,-9999,0,0,"Winter",64649
2,-88.9147,14.13275,NA,2004,"Mniotilta varia","Mniotilta_varia",9.5,NA,"female",-9999,-9999,0,0,"Winter",64650
5,-73.2365833333,42.3511166667,NA,2011,"Mniotilta varia","Mniotilta_varia",8.8,NA,"male",8.3,1595,9.95100116784358,48.2050882042342,"Spring",64651
5,-103.529842,34.111886,NA,2011,"Mniotilta varia","Mniotilta_varia",9.1,NA,"female",15.3,179,9.8091330355486,99.1569054962257,"Spring",64652
9,-80.05214,42.79957,"ad",1970,"Mniotilta varia","Mniotilta_varia",9.9,127,"female",8.4,910,10.5680335603807,37.9925835072968,"Fall",64653
9,-80.05214,42.79957,"ad",1970,"Mniotilta varia","Mniotilta_varia",12.1,135,"male",8.4,910,10.5680335603807,37.9925835072968,"Fall",64654
9,-80.05214,42.79957,"ad",1970,"Mniotilta varia","Mniotilta_varia",10,132,"female",8.4,910,10.5680335603807,37.9925835072968,"Fall",64655
9,-80.05214,42.79957,"ad",1970,"Mniotilta varia","Mniotilta_varia",11.4,131,"female",8.4,910,10.5680335603807,37.9925835072968,"Fall",64656
9,-80.05214,42.79957,"ad",1970,"Mniotilta varia","Mniotilta_varia",9.9,129,"male",8.4,910,10.5680335603807,37.9925835072968,"Fall",64657
9,-80.05214,42.79957,"ad",1970,"Mniotilta varia","Mniotilta_varia",10.3,132,"female",8.4,910,10.5680335603807,37.9925835072968,"Fall",64658
9,-80.05214,42.79957,"ad",1970,"Mniotilta varia","Mniotilta_varia",10.5,135,"female",8.4,910,10.5680335603807,37.9925835072968,"Fall",64659
9,-80.05214,42.79957,"ad",1970,"Mniotilta varia","Mniotilta_varia",11,132,"male",8.4,910,10.5680335603807,37.9925835072968,"Fall",64660
9,-80.05214,42.79957,"ad",1970,"Mniotilta varia","Mniotilta_varia",11,135,"male",8.4,910,10.5680335603807,37.9925835072968,"Fall",64661
9,-80.05214,42.79957,"ad",1970,"Mniotilta varia","Mniotilta_varia",11.5,132,"female",8.4,910,10.5680335603807,37.9925835072968,"Fall",64662
9,-80.05214,42.79957,"ad",1970,"Mniotilta varia","Mniotilta_varia",10.4,135,"male",8.4,910,10.5680335603807,37.9925835072968,"Fall",64663
9,-80.05214,42.79957,"ad",1970,"Mniotilta varia","Mniotilta_varia",10.5,130,"female",8.4,910,10.5680335603807,37.9925835072968,"Fall",64664
9,-80.05214,42.79957,"ad",1970,"Mniotilta varia","Mniotilta_varia",12.2,133,"male",8.4,910,10.5680335603807,37.9925835072968,"Fall",64665
9,-80.07309,42.80729,"ad",1970,"Mniotilta varia","Mniotilta_varia",11.6,131,"male",8.4,908,10.5469046155589,38.025836374342,"Fall",64666
9,-80.05214,42.79957,"ad",1970,"Mniotilta varia","Mniotilta_varia",10,130,"female",8.4,910,10.5680335603807,37.9925835072968,"Fall",64667
9,-80.07309,42.80729,"ad",1970,"Mniotilta varia","Mniotilta_varia",10.4,130,"male",8.4,908,10.5469046155589,38.025836374342,"Fall",64668
9,-80.07309,42.80729,"ad",1970,"Mniotilta varia","Mniotilta_varia",10.7,130,"male",8.4,908,10.5469046155589,38.025836374342,"Fall",64669
9,-80.05214,42.79957,"ad",1970,"Mniotilta varia","Mniotilta_varia",10.3,132,"female",8.4,910,10.5680335603807,37.9925835072968,"Fall",64670
9,-80.07309,42.80729,"ad",1970,"Mniotilta varia","Mniotilta_varia",11.5,136,"female",8.4,908,10.5469046155589,38.025836374342,"Fall",64671
5,-80.60314,51.29182,"ad",1972,"Mniotilta varia","Mniotilta_varia",11,NA,"female",-2.6,513,14.035892842238,67.5067394623325,"Spring",64672
11,-99.0586368,18.9373484,NA,1972,"Mniotilta varia","Mniotilta_varia",9.5,NA,"undetermined",22.1,914,1.42709176617725,113.428484630578,"Fall",64673
5,-86.9350482,20.4339471,NA,1973,"Mniotilta varia","Mniotilta_varia",12.5,NA,"undetermined",26.1,1339,1.7730302771347,65.0980252458171,"Spring",64674
5,-80.07309,42.80729,"ad",1975,"Mniotilta varia","Mniotilta_varia",10.5,NA,"male",9.1,969,9.5282792812032,37.9210989349835,"Spring",64675
5,-80.07309,42.80729,"ad",1975,"Mniotilta varia","Mniotilta_varia",12,NA,"male",9.1,969,9.5282792812032,37.9210989349835,"Spring",64676
5,-80.07309,42.80729,"ad",1975,"Mniotilta varia","Mniotilta_varia",11.5,NA,"male",9.1,969,9.5282792812032,37.9210989349835,"Spring",64677
7,-93.67195,48.52224,"juv?",1929,"Mniotilta varia","Mniotilta_varia",9.5,NA,"[male]",1.8,430,14.3428870556422,51.5092607773849,"Summer",64678
6,-77.27931,43.96989,NA,1930,"Mniotilta varia","Mniotilta_varia",12,NA,"female",7.7,613,10.1010200505001,37.744229913391,"Summer",64679
6,-93.63727,52.84037,"ad",1938,"Mniotilta varia","Mniotilta_varia",9.2,NA,"male",0,617,13.8670636598183,60.9325865622278,"Summer",64680
7,-93.63727,52.84037,"juv",1938,"Mniotilta varia","Mniotilta_varia",11.5,NA,"male",0,617,13.8670636598183,60.9325865622278,"Summer",64681
7,-96.268823,30.512478,NA,2009,"Mniotilta varia","Mniotilta_varia",10.6,NA,"male",20.4,1074,7.47068513348249,101.626852888037,"Summer",64682
9,-96.9794444,28.8322222,NA,2010,"Mniotilta varia","Mniotilta_varia",10.7,NA,"female",21.4,1143,7.0176563039237,78.8131625125028,"Fall",64683
3,-97.9691667,30.4736833,NA,2012,"Mniotilta varia","Mniotilta_varia",8.9,NA,"male",21.2,1004,6.67605399691292,78.616206708955,"Spring",64684
4,-97.3343833,29.9578833,NA,2012,"Mniotilta varia","Mniotilta_varia",10.8,NA,"female",21.6,1123,6.32821962611631,74.5472839294494,"Spring",64685
2,-102.033333,17.966667,NA,1960,"Mniotilta varia","Mniotilta_varia",8.7,NA,"female",27.4,842,1.41193505730986,144.959647155031,"Winter",64686
4,-102.5166667,36.7166667,NA,1959,"Mniotilta varia","Mniotilta_varia",10,NA,"in question",12.3,420,9.37359282368519,78.6650063994905,"Spring",64687
5,-83.75,42.3833333,NA,1935,"Mniotilta varia","Mniotilta_varia",10.3,NA,"male",8.5,644,10.2368762991274,44.4396413243119,"Spring",64688
12,-84.5833333,31.0666667,NA,1946,"Mniotilta varia","Mniotilta_varia",10.2,NA,"male",20.1,1420,5.62237817686043,49.9954762684942,"Winter",64689
5,-75.1666667,39.95,NA,1915,"Mniotilta varia","Mniotilta_varia",19.5,NA,"female",12.2,1246,9.17536226681392,54.8237664110302,"Spring",64690
9,-87.5833333,37.8833333,"immature",1949,"Mniotilta varia","Mniotilta_varia",11,NA,"male",14.4,1302,8.70271204681029,50.099624890425,"Fall",64691
9,-87.5833333,37.8833333,"immature",1949,"Mniotilta varia","Mniotilta_varia",11.2,NA,"female",14.4,1302,8.70271204681029,50.099624890425,"Fall",64692
4,-83.6166667,37.8333333,NA,1949,"Mniotilta varia","Mniotilta_varia",11,NA,"male",13.2,1206,8.04718565522736,33.0598909328499,"Spring",64693
8,-83.4655,41.7862,"immature",1936,"Mniotilta varia","Mniotilta_varia",11.2,NA,"female",9.5,722,11.607508019564,46.9757777929966,"Summer",64694
3,-88.5784142,20.6689352,"adult",1936,"Mniotilta varia","Mniotilta_varia",8.6,NA,"female",25.8,1372,1.76710257629587,60.9052551150767,"Spring",64695
8,-83.4655,41.7862,"immature",1937,"Mniotilta varia varia","Mniotilta_varia",10.9,NA,"female",9.5,905,10.2377606156934,58.9488381704251,"Summer",64696
2,-88.5784142,20.6689352,NA,1936,"Mniotilta varia","Mniotilta_varia",8.9,NA,"male",25.8,1372,1.76710257629587,60.9052551150767,"Winter",64697
9,-83.6561111,42.3127778,NA,1938,"Mniotilta varia","Mniotilta_varia",11.5,NA,"female",10.5,696,9.64633703443013,49.7350022000717,"Fall",64698
11,-97.1302622,16.1324951,NA,1964,NA,"Mniotilta_varia",10.1,NA,"undetermined",23.8,1254,1.40224387279384,124.28374619915,"Fall",64699
5,-72.1333,42,NA,1976,"Mniotilta varia","Mniotilta_varia",10.7,NA,"female",7.7,1146,9.93592731027917,50.4014005554228,"Spring",64700
8,-72.1333,42,"immature",1975,"Mniotilta varia","Mniotilta_varia",8.7,NA,"male",8.2,1441,9.25400404738894,32.5704076809867,"Summer",64701
5,-72.1333,42,NA,1976,"Mniotilta varia","Mniotilta_varia",10.7,NA,"female",7.7,1146,9.93592731027917,50.4014005554228,"Spring",64702
8,-72.9286,41.3081,"juvenile",2006,"Mniotilta varia","Mniotilta_varia",9.9,NA,NA,12.5,1309,8.14930281457478,46.128040232356,"Summer",64703
5,-72.1333,42,NA,1976,"Mniotilta varia","Mniotilta_varia",9,NA,"female",7.7,1146,9.93592731027917,50.4014005554228,"Spring",64704
5,-72.1333,42,NA,1976,"Mniotilta varia","Mniotilta_varia",9.1,NA,"female",7.7,1146,9.93592731027917,50.4014005554228,"Spring",64705
5,-72.1333,42,NA,1976,"Mniotilta varia","Mniotilta_varia",9.3,NA,"male",7.7,1146,9.93592731027917,50.4014005554228,"Spring",64706
5,-72.1333,42,NA,1976,"Mniotilta varia","Mniotilta_varia",12.3,NA,"female",7.7,1146,9.93592731027917,50.4014005554228,"Spring",64707
9,-75.4167,38.1,"immature",1975,"Mniotilta varia","Mniotilta_varia",9.8,NA,"female",14.4,1191,8.05531539175258,42.0969838039138,"Fall",64708
8,-72.1333,42,"immature",1975,"Mniotilta varia","Mniotilta_varia",8.4,NA,"female",8.2,1441,9.25400404738894,32.5704076809867,"Summer",64709
5,-72.1333,42,NA,1976,"Mniotilta varia","Mniotilta_varia",9.9,NA,"male",7.7,1146,9.93592731027917,50.4014005554228,"Spring",64710
5,-72.1333,42,NA,1976,"Mniotilta varia","Mniotilta_varia",10.7,NA,"male",7.7,1146,9.93592731027917,50.4014005554228,"Spring",64711
5,-72.1333,42,NA,1976,"Mniotilta varia","Mniotilta_varia",9.6,NA,"male",7.7,1146,9.93592731027917,50.4014005554228,"Spring",64712
5,-72.1333,42,NA,1976,"Mniotilta varia","Mniotilta_varia",9.8,NA,"female",7.7,1146,9.93592731027917,50.4014005554228,"Spring",64713
7,-72.9975,41.4217,NA,1969,"Mniotilta varia","Mniotilta_varia",9.5,NA,"male",9.1,1345,9.40386767626636,48.3051292596219,"Summer",64714
9,-72.6372,41.3597,NA,1968,"Mniotilta varia","Mniotilta_varia",11.4,NA,"female",9.3,1011,9.86779272853526,57.3532884782539,"Fall",64715
10,-72.5989,41.2794,"immature",1975,"Mniotilta varia","Mniotilta_varia",10,NA,"male",10.9,1440,8.61863291556923,24.0444022950837,"Fall",64716
5,-72.1333,42,NA,1976,"Mniotilta varia","Mniotilta_varia",10.2,NA,"male",7.7,1146,9.93592731027917,50.4014005554228,"Spring",64717
5,-73.298648,41.195158,NA,1979,"Mniotilta varia","Mniotilta_varia",11,NA,"female",10.6,1459,9.28639849294101,56.3836947683283,"Spring",64718
5,-72.1333,42,NA,1976,"Mniotilta varia","Mniotilta_varia",12,NA,"male",7.7,1146,9.93592731027917,50.4014005554228,"Spring",64719
5,-72.1333,42,NA,1976,"Mniotilta varia","Mniotilta_varia",11.5,NA,"male",7.7,1146,9.93592731027917,50.4014005554228,"Spring",64720
5,-69.31194,43.76639,"unknown",2003,"Mniotilta varia","Mniotilta_varia",9.63,120,"male",7.1,1156,9.03023540751577,41.3148112601741,"Spring",64721
NA,-84.55,42.7333333,NA,2005,"Mniotilta varia varia","Mniotilta_varia",5.94,NA,"female",9.2,754,10.961679118224,54.918484741926,"",64722
